_________________________________________________________________
Layer (type)                 Output Shape              Param #   
=================================================================
input_1 (InputLayer)         (None, 512, 512, 3)       0         
_________________________________________________________________
block1_conv1 (Conv2D)        (None, 512, 512, 64)      1792      
_________________________________________________________________
block1_conv2 (Conv2D)        (None, 512, 512, 64)      36928     
_________________________________________________________________
block1_pool (MaxPooling2D)   (None, 256, 256, 64)      0         
_________________________________________________________________
block2_conv1 (Conv2D)        (None, 256, 256, 128)     73856     
_________________________________________________________________
block2_conv2 (Conv2D)        (None, 256, 256, 128)     147584    
_________________________________________________________________
block2_pool (MaxPooling2D)   (None, 128, 128, 128)     0         
_________________________________________________________________
block3_conv1 (Conv2D)        (None, 128, 128, 256)     295168    
_________________________________________________________________
block3_conv2 (Conv2D)        (None, 128, 128, 256)     590080    
_________________________________________________________________
block3_conv3 (Conv2D)        (None, 128, 128, 256)     590080    
_________________________________________________________________
block3_pool (MaxPooling2D)   (None, 64, 64, 256)       0         
_________________________________________________________________
block4_conv1 (Conv2D)        (None, 64, 64, 512)       1180160   
_________________________________________________________________
block4_conv2 (Conv2D)        (None, 64, 64, 512)       2359808   
_________________________________________________________________
block4_conv3 (Conv2D)        (None, 64, 64, 512)       2359808   
_________________________________________________________________
block4_pool (MaxPooling2D)   (None, 32, 32, 512)       0         
_________________________________________________________________
block5_conv1 (Conv2D)        (None, 32, 32, 512)       2359808   
_________________________________________________________________
block5_conv2 (Conv2D)        (None, 32, 32, 512)       2359808   
_________________________________________________________________
block5_conv3 (Conv2D)        (None, 32, 32, 512)       2359808   
_________________________________________________________________
block5_pool (MaxPooling2D)   (None, 16, 16, 512)       0         
_________________________________________________________________
fc1 (Conv2D)                 (None, 16, 16, 4096)      102764544 
_________________________________________________________________
dropout_1 (Dropout)          (None, 16, 16, 4096)      0         
_________________________________________________________________
fc2 (Conv2D)                 (None, 16, 16, 4096)      16781312  
_________________________________________________________________
dropout_2 (Dropout)          (None, 16, 16, 4096)      0         
_________________________________________________________________
conv2d_1 (Conv2D)            (None, 16, 16, 21)        86037     
_________________________________________________________________
bilinear_up_sampling2d_1 (Bi (None, 512, 512, 21)      0         
=================================================================
Total params: 134,346,581
Trainable params: 134,346,581
Non-trainable params: 0
_________________________________________________________________
(1, 512, 512, 21)
0
(1, 512, 512, 21)
0
[[0 0 0 ... 0 0 0]
 [0 0 0 ... 0 0 0]
 [0 0 0 ... 0 0 0]
 ...
 [0 0 0 ... 0 0 0]
 [0 0 0 ... 0 0 0]
 [0 0 0 ... 0 0 0]]
[[[0. 0. 0.]
  [0. 0. 0.]
  [0. 0. 0.]
  ...
  [0. 0. 0.]
  [0. 0. 0.]
  [0. 0. 0.]]

 [[0. 0. 0.]
  [0. 0. 0.]
  [0. 0. 0.]
  ...
  [0. 0. 0.]
  [0. 0. 0.]
  [0. 0. 0.]]

 [[0. 0. 0.]
  [0. 0. 0.]
  [0. 0. 0.]
  ...
  [0. 0. 0.]
  [0. 0. 0.]
  [0. 0. 0.]]

 ...

 [[0. 0. 0.]
  [0. 0. 0.]
  [0. 0. 0.]
  ...
  [0. 0. 0.]
  [0. 0. 0.]
  [0. 0. 0.]]

 [[0. 0. 0.]
  [0. 0. 0.]
  [0. 0. 0.]
  ...
  [0. 0. 0.]
  [0. 0. 0.]
  [0. 0. 0.]]

 [[0. 0. 0.]
  [0. 0. 0.]
  [0. 0. 0.]
  ...
  [0. 0. 0.]
  [0. 0. 0.]
  [0. 0. 0.]]]
(1, 512, 512, 21)
0
[[0 0 0 ... 0 0 0]
 [0 0 0 ... 0 0 0]
 [0 0 0 ... 0 0 0]
 ...
 [0 0 0 ... 0 0 0]
 [0 0 0 ... 0 0 0]
 [0 0 0 ... 0 0 0]]
[[[0. 0. 0.]
  [0. 0. 0.]
  [0. 0. 0.]
  ...
  [0. 0. 0.]
  [0. 0. 0.]
  [0. 0. 0.]]

 [[0. 0. 0.]
  [0. 0. 0.]
  [0. 0. 0.]
  ...
  [0. 0. 0.]
  [0. 0. 0.]
  [0. 0. 0.]]

 [[0. 0. 0.]
  [0. 0. 0.]
  [0. 0. 0.]
  ...
  [0. 0. 0.]
  [0. 0. 0.]
  [0. 0. 0.]]

 ...

 [[0. 0. 0.]
  [0. 0. 0.]
  [0. 0. 0.]
  ...
  [0. 0. 0.]
  [0. 0. 0.]
  [0. 0. 0.]]

 [[0. 0. 0.]
  [0. 0. 0.]
  [0. 0. 0.]
  ...
  [0. 0. 0.]
  [0. 0. 0.]
  [0. 0. 0.]]

 [[0. 0. 0.]
  [0. 0. 0.]
  [0. 0. 0.]
  ...
  [0. 0. 0.]
  [0. 0. 0.]
  [0. 0. 0.]]]
(1, 512, 512, 21)
0
[[0 0 0 ... 0 0 0]
 [0 0 0 ... 0 0 0]
 [0 0 0 ... 0 0 0]
 ...
 [0 0 0 ... 0 0 0]
 [0 0 0 ... 0 0 0]
 [0 0 0 ... 0 0 0]]
[[[0. 0. 0.]
  [0. 0. 0.]
  [0. 0. 0.]
  ...
  [0. 0. 0.]
  [0. 0. 0.]
  [0. 0. 0.]]

 [[0. 0. 0.]
  [0. 0. 0.]
  [0. 0. 0.]
  ...
  [0. 0. 0.]
  [0. 0. 0.]
  [0. 0. 0.]]

 [[0. 0. 0.]
  [0. 0. 0.]
  [0. 0. 0.]
  ...
  [0. 0. 0.]
  [0. 0. 0.]
  [0. 0. 0.]]

 ...

 [[0. 0. 0.]
  [0. 0. 0.]
  [0. 0. 0.]
  ...
  [0. 0. 0.]
  [0. 0. 0.]
  [0. 0. 0.]]

 [[0. 0. 0.]
  [0. 0. 0.]
  [0. 0. 0.]
  ...
  [0. 0. 0.]
  [0. 0. 0.]
  [0. 0. 0.]]

 [[0. 0. 0.]
  [0. 0. 0.]
  [0. 0. 0.]
  ...
  [0. 0. 0.]
  [0. 0. 0.]
  [0. 0. 0.]]]
(1, 512, 512, 21)
0
[[0 0 0 ... 0 0 0]
 [0 0 0 ... 0 0 0]
 [0 0 0 ... 0 0 0]
 ...
 [0 0 0 ... 0 0 0]
 [0 0 0 ... 0 0 0]
 [0 0 0 ... 0 0 0]]
[[[0. 0. 0.]
  [0. 0. 0.]
  [0. 0. 0.]
  ...
  [0. 0. 0.]
  [0. 0. 0.]
  [0. 0. 0.]]

 [[0. 0. 0.]
  [0. 0. 0.]
  [0. 0. 0.]
  ...
  [0. 0. 0.]
  [0. 0. 0.]
  [0. 0. 0.]]

 [[0. 0. 0.]
  [0. 0. 0.]
  [0. 0. 0.]
  ...
  [0. 0. 0.]
  [0. 0. 0.]
  [0. 0. 0.]]

 ...

 [[0. 0. 0.]
  [0. 0. 0.]
  [0. 0. 0.]
  ...
  [0. 0. 0.]
  [0. 0. 0.]
  [0. 0. 0.]]

 [[0. 0. 0.]
  [0. 0. 0.]
  [0. 0. 0.]
  ...
  [0. 0. 0.]
  [0. 0. 0.]
  [0. 0. 0.]]

 [[0. 0. 0.]
  [0. 0. 0.]
  [0. 0. 0.]
  ...
  [0. 0. 0.]
  [0. 0. 0.]
  [0. 0. 0.]]]
(1, 512, 512, 21)
913
[[0 0 0 ... 0 0 0]
 [0 0 0 ... 0 0 0]
 [0 0 0 ... 0 0 0]
 ...
 [0 0 0 ... 0 0 0]
 [0 0 0 ... 0 0 0]
 [0 0 0 ... 0 0 0]]
[[[0. 0. 0.]
  [0. 0. 0.]
  [0. 0. 0.]
  ...
  [0. 0. 0.]
  [0. 0. 0.]
  [0. 0. 0.]]

 [[0. 0. 0.]
  [0. 0. 0.]
  [0. 0. 0.]
  ...
  [0. 0. 0.]
  [0. 0. 0.]
  [0. 0. 0.]]

 [[0. 0. 0.]
  [0. 0. 0.]
  [0. 0. 0.]
  ...
  [0. 0. 0.]
  [0. 0. 0.]
  [0. 0. 0.]]

 ...

 [[0. 0. 0.]
  [0. 0. 0.]
  [0. 0. 0.]
  ...
  [0. 0. 0.]
  [0. 0. 0.]
  [0. 0. 0.]]

 [[0. 0. 0.]
  [0. 0. 0.]
  [0. 0. 0.]
  ...
  [0. 0. 0.]
  [0. 0. 0.]
  [0. 0. 0.]]

 [[0. 0. 0.]
  [0. 0. 0.]
  [0. 0. 0.]
  ...
  [0. 0. 0.]
  [0. 0. 0.]
  [0. 0. 0.]]]
(1, 512, 512, 21)
0
[[0 0 0 ... 0 0 0]
 [0 0 0 ... 0 0 0]
 [0 0 0 ... 0 0 0]
 ...
 [0 0 0 ... 0 0 0]
 [0 0 0 ... 0 0 0]
 [0 0 0 ... 0 0 0]]
[[[0. 0. 0.]
  [0. 0. 0.]
  [0. 0. 0.]
  ...
  [0. 0. 0.]
  [0. 0. 0.]
  [0. 0. 0.]]

 [[0. 0. 0.]
  [0. 0. 0.]
  [0. 0. 0.]
  ...
  [0. 0. 0.]
  [0. 0. 0.]
  [0. 0. 0.]]

 [[0. 0. 0.]
  [0. 0. 0.]
  [0. 0. 0.]
  ...
  [0. 0. 0.]
  [0. 0. 0.]
  [0. 0. 0.]]

 ...

 [[0. 0. 0.]
  [0. 0. 0.]
  [0. 0. 0.]
  ...
  [0. 0. 0.]
  [0. 0. 0.]
  [0. 0. 0.]]

 [[0. 0. 0.]
  [0. 0. 0.]
  [0. 0. 0.]
  ...
  [0. 0. 0.]
  [0. 0. 0.]
  [0. 0. 0.]]

 [[0. 0. 0.]
  [0. 0. 0.]
  [0. 0. 0.]
  ...
  [0. 0. 0.]
  [0. 0. 0.]
  [0. 0. 0.]]]
(1, 512, 512, 21)
176
[[0 0 0 ... 0 0 0]
 [0 0 0 ... 0 0 0]
 [0 0 0 ... 0 0 0]
 ...
 [0 0 0 ... 0 0 0]
 [0 0 0 ... 0 0 0]
 [0 0 0 ... 0 0 0]]
[[[0. 0. 0.]
  [0. 0. 0.]
  [0. 0. 0.]
  ...
  [0. 0. 0.]
  [0. 0. 0.]
  [0. 0. 0.]]

 [[0. 0. 0.]
  [0. 0. 0.]
  [0. 0. 0.]
  ...
  [0. 0. 0.]
  [0. 0. 0.]
  [0. 0. 0.]]

 [[0. 0. 0.]
  [0. 0. 0.]
  [0. 0. 0.]
  ...
  [0. 0. 0.]
  [0. 0. 0.]
  [0. 0. 0.]]

 ...

 [[0. 0. 0.]
  [0. 0. 0.]
  [0. 0. 0.]
  ...
  [0. 0. 0.]
  [0. 0. 0.]
  [0. 0. 0.]]

 [[0. 0. 0.]
  [0. 0. 0.]
  [0. 0. 0.]
  ...
  [0. 0. 0.]
  [0. 0. 0.]
  [0. 0. 0.]]

 [[0. 0. 0.]
  [0. 0. 0.]
  [0. 0. 0.]
  ...
  [0. 0. 0.]
  [0. 0. 0.]
  [0. 0. 0.]]]
(1, 512, 512, 21)
8802
[[0 0 0 ... 0 0 0]
 [0 0 0 ... 0 0 0]
 [0 0 0 ... 0 0 0]
 ...
 [0 0 0 ... 0 0 0]
 [0 0 0 ... 0 0 0]
 [0 0 0 ... 0 0 0]]
[[[0. 0. 0.]
  [0. 0. 0.]
  [0. 0. 0.]
  ...
  [0. 0. 0.]
  [0. 0. 0.]
  [0. 0. 0.]]

 [[0. 0. 0.]
  [0. 0. 0.]
  [0. 0. 0.]
  ...
  [0. 0. 0.]
  [0. 0. 0.]
  [0. 0. 0.]]

 [[0. 0. 0.]
  [0. 0. 0.]
  [0. 0. 0.]
  ...
  [0. 0. 0.]
  [0. 0. 0.]
  [0. 0. 0.]]

 ...

 [[0. 0. 0.]
  [0. 0. 0.]
  [0. 0. 0.]
  ...
  [0. 0. 0.]
  [0. 0. 0.]
  [0. 0. 0.]]

 [[0. 0. 0.]
  [0. 0. 0.]
  [0. 0. 0.]
  ...
  [0. 0. 0.]
  [0. 0. 0.]
  [0. 0. 0.]]

 [[0. 0. 0.]
  [0. 0. 0.]
  [0. 0. 0.]
  ...
  [0. 0. 0.]
  [0. 0. 0.]
  [0. 0. 0.]]]
(1, 512, 512, 21)
0
(1, 512, 512, 21)
63349
(1, 512, 512, 21)
0
(1, 512, 512, 21)
4228
(1, 512, 512, 21)
0
(1, 512, 512, 21)
0
(1, 512, 512, 21)
0
(1, 512, 512, 21)
0
(1, 512, 512, 21)
0
(1, 512, 512, 21)
181
(1, 512, 512, 21)
33485
(1, 512, 512, 21)
0
(1, 512, 512, 21)
1335
(1, 512, 512, 21)
0
(1, 512, 512, 21)
0
(1, 512, 512, 21)
0
(1, 512, 512, 21)
0
(1, 512, 512, 21)
0
(1, 512, 512, 21)
0
(1, 512, 512, 21)
0
(1, 512, 512, 21)
0
(1, 512, 512, 21)
0
(1, 512, 512, 21)
72111
(1, 512, 512, 21)
0
(1, 512, 512, 21)
0
(1, 512, 512, 21)
0
(1, 512, 512, 21)
0
(1, 512, 512, 21)
0
(1, 512, 512, 21)
45
(1, 512, 512, 21)
0
(1, 512, 512, 21)
39620
(1, 512, 512, 21)
0
(1, 512, 512, 21)
0
(1, 512, 512, 21)
0
(1, 512, 512, 21)
0
(1, 512, 512, 21)
10790
(1, 512, 512, 21)
0
(1, 512, 512, 21)
95
(1, 512, 512, 21)
1478
(1, 512, 512, 21)
0
(1, 512, 512, 21)
0
19.4336359501s used to make predictions.

(21, 21)
[[6.564439e+06 0.000000e+00 0.000000e+00 0.000000e+00 0.000000e+00
  0.000000e+00 0.000000e+00 0.000000e+00 9.000000e+00 0.000000e+00
  0.000000e+00 0.000000e+00 2.000000e+00 0.000000e+00 0.000000e+00
  1.504000e+04 0.000000e+00 0.000000e+00 0.000000e+00 0.000000e+00
  0.000000e+00]
 [1.339370e+05 0.000000e+00 0.000000e+00 0.000000e+00 0.000000e+00
  0.000000e+00 0.000000e+00 0.000000e+00 0.000000e+00 0.000000e+00
  0.000000e+00 0.000000e+00 0.000000e+00 0.000000e+00 0.000000e+00
  0.000000e+00 0.000000e+00 0.000000e+00 0.000000e+00 0.000000e+00
  0.000000e+00]
 [4.304600e+04 0.000000e+00 0.000000e+00 0.000000e+00 0.000000e+00
  0.000000e+00 0.000000e+00 0.000000e+00 0.000000e+00 0.000000e+00
  0.000000e+00 0.000000e+00 0.000000e+00 0.000000e+00 0.000000e+00
  0.000000e+00 0.000000e+00 0.000000e+00 0.000000e+00 0.000000e+00
  0.000000e+00]
 [1.106750e+05 0.000000e+00 0.000000e+00 0.000000e+00 0.000000e+00
  0.000000e+00 0.000000e+00 0.000000e+00 0.000000e+00 0.000000e+00
  0.000000e+00 0.000000e+00 0.000000e+00 0.000000e+00 0.000000e+00
  0.000000e+00 0.000000e+00 0.000000e+00 0.000000e+00 0.000000e+00
  0.000000e+00]
 [6.586700e+04 0.000000e+00 0.000000e+00 0.000000e+00 0.000000e+00
  0.000000e+00 0.000000e+00 0.000000e+00 0.000000e+00 0.000000e+00
  0.000000e+00 0.000000e+00 0.000000e+00 0.000000e+00 0.000000e+00
  0.000000e+00 0.000000e+00 0.000000e+00 0.000000e+00 0.000000e+00
  0.000000e+00]
 [3.932000e+04 0.000000e+00 0.000000e+00 0.000000e+00 0.000000e+00
  0.000000e+00 0.000000e+00 0.000000e+00 0.000000e+00 0.000000e+00
  0.000000e+00 0.000000e+00 0.000000e+00 0.000000e+00 0.000000e+00
  1.539000e+03 0.000000e+00 0.000000e+00 0.000000e+00 0.000000e+00
  0.000000e+00]
 [2.716140e+05 0.000000e+00 0.000000e+00 0.000000e+00 0.000000e+00
  0.000000e+00 4.114300e+04 0.000000e+00 0.000000e+00 0.000000e+00
  0.000000e+00 0.000000e+00 0.000000e+00 0.000000e+00 0.000000e+00
  0.000000e+00 0.000000e+00 0.000000e+00 0.000000e+00 0.000000e+00
  0.000000e+00]
 [1.477000e+04 0.000000e+00 0.000000e+00 0.000000e+00 0.000000e+00
  0.000000e+00 0.000000e+00 0.000000e+00 0.000000e+00 0.000000e+00
  0.000000e+00 0.000000e+00 0.000000e+00 0.000000e+00 0.000000e+00
  0.000000e+00 0.000000e+00 0.000000e+00 0.000000e+00 0.000000e+00
  0.000000e+00]
 [8.611300e+04 0.000000e+00 0.000000e+00 0.000000e+00 0.000000e+00
  0.000000e+00 0.000000e+00 0.000000e+00 7.210200e+04 0.000000e+00
  0.000000e+00 0.000000e+00 0.000000e+00 0.000000e+00 0.000000e+00
  0.000000e+00 0.000000e+00 0.000000e+00 0.000000e+00 0.000000e+00
  0.000000e+00]
 [8.106200e+04 0.000000e+00 0.000000e+00 0.000000e+00 0.000000e+00
  0.000000e+00 0.000000e+00 0.000000e+00 0.000000e+00 0.000000e+00
  0.000000e+00 0.000000e+00 8.710000e+02 0.000000e+00 0.000000e+00
  0.000000e+00 0.000000e+00 0.000000e+00 0.000000e+00 0.000000e+00
  0.000000e+00]
 [1.292630e+05 0.000000e+00 0.000000e+00 0.000000e+00 0.000000e+00
  0.000000e+00 0.000000e+00 0.000000e+00 0.000000e+00 0.000000e+00
  0.000000e+00 0.000000e+00 0.000000e+00 0.000000e+00 0.000000e+00
  0.000000e+00 0.000000e+00 0.000000e+00 0.000000e+00 0.000000e+00
  0.000000e+00]
 [1.163830e+05 0.000000e+00 0.000000e+00 0.000000e+00 0.000000e+00
  0.000000e+00 0.000000e+00 0.000000e+00 0.000000e+00 0.000000e+00
  0.000000e+00 0.000000e+00 0.000000e+00 0.000000e+00 0.000000e+00
  1.600000e+01 0.000000e+00 0.000000e+00 0.000000e+00 0.000000e+00
  0.000000e+00]
 [3.508200e+04 0.000000e+00 0.000000e+00 0.000000e+00 0.000000e+00
  0.000000e+00 0.000000e+00 0.000000e+00 0.000000e+00 0.000000e+00
  0.000000e+00 0.000000e+00 4.000000e+01 0.000000e+00 0.000000e+00
  0.000000e+00 0.000000e+00 0.000000e+00 0.000000e+00 0.000000e+00
  0.000000e+00]
 [7.094300e+04 0.000000e+00 0.000000e+00 0.000000e+00 0.000000e+00
  0.000000e+00 0.000000e+00 0.000000e+00 0.000000e+00 0.000000e+00
  0.000000e+00 0.000000e+00 0.000000e+00 0.000000e+00 0.000000e+00
  0.000000e+00 0.000000e+00 0.000000e+00 0.000000e+00 0.000000e+00
  0.000000e+00]
 [8.775800e+04 0.000000e+00 0.000000e+00 0.000000e+00 0.000000e+00
  0.000000e+00 0.000000e+00 0.000000e+00 0.000000e+00 0.000000e+00
  0.000000e+00 0.000000e+00 0.000000e+00 0.000000e+00 1.335000e+03
  0.000000e+00 0.000000e+00 0.000000e+00 0.000000e+00 0.000000e+00
  0.000000e+00]
 [2.667440e+05 0.000000e+00 0.000000e+00 0.000000e+00 0.000000e+00
  0.000000e+00 0.000000e+00 0.000000e+00 0.000000e+00 0.000000e+00
  0.000000e+00 0.000000e+00 0.000000e+00 0.000000e+00 0.000000e+00
  9.112400e+04 0.000000e+00 0.000000e+00 0.000000e+00 0.000000e+00
  0.000000e+00]
 [1.476000e+03 0.000000e+00 0.000000e+00 0.000000e+00 0.000000e+00
  0.000000e+00 0.000000e+00 0.000000e+00 0.000000e+00 0.000000e+00
  0.000000e+00 0.000000e+00 0.000000e+00 0.000000e+00 0.000000e+00
  0.000000e+00 0.000000e+00 0.000000e+00 0.000000e+00 0.000000e+00
  0.000000e+00]
 [9.475400e+04 0.000000e+00 0.000000e+00 0.000000e+00 0.000000e+00
  0.000000e+00 0.000000e+00 0.000000e+00 0.000000e+00 0.000000e+00
  0.000000e+00 0.000000e+00 0.000000e+00 0.000000e+00 0.000000e+00
  0.000000e+00 0.000000e+00 0.000000e+00 0.000000e+00 0.000000e+00
  0.000000e+00]
 [4.296000e+04 0.000000e+00 0.000000e+00 0.000000e+00 0.000000e+00
  0.000000e+00 0.000000e+00 0.000000e+00 0.000000e+00 0.000000e+00
  0.000000e+00 0.000000e+00 0.000000e+00 0.000000e+00 0.000000e+00
  0.000000e+00 0.000000e+00 0.000000e+00 0.000000e+00 0.000000e+00
  0.000000e+00]
 [2.771440e+05 0.000000e+00 0.000000e+00 0.000000e+00 0.000000e+00
  0.000000e+00 0.000000e+00 0.000000e+00 0.000000e+00 0.000000e+00
  0.000000e+00 0.000000e+00 0.000000e+00 0.000000e+00 0.000000e+00
  0.000000e+00 0.000000e+00 0.000000e+00 0.000000e+00 8.983000e+03
  0.000000e+00]
 [2.010520e+05 0.000000e+00 0.000000e+00 0.000000e+00 0.000000e+00
  0.000000e+00 0.000000e+00 0.000000e+00 0.000000e+00 0.000000e+00
  0.000000e+00 0.000000e+00 0.000000e+00 0.000000e+00 0.000000e+00
  0.000000e+00 0.000000e+00 0.000000e+00 0.000000e+00 0.000000e+00
  4.404000e+03]]
[6.564439e+06 0.000000e+00 0.000000e+00 0.000000e+00 0.000000e+00
 0.000000e+00 4.114300e+04 0.000000e+00 7.210200e+04 0.000000e+00
 0.000000e+00 0.000000e+00 4.000000e+01 0.000000e+00 1.335000e+03
 9.112400e+04 0.000000e+00 0.000000e+00 0.000000e+00 8.983000e+03
 4.404000e+03]
[8.749453e+06 1.339370e+05 4.304600e+04 1.106750e+05 6.586700e+04
 4.085900e+04 3.127570e+05 1.477000e+04 1.582240e+05 8.193300e+04
 1.292630e+05 1.163990e+05 3.599500e+04 7.094300e+04 8.909300e+04
 3.744630e+05 1.476000e+03 9.475400e+04 4.296000e+04 2.861270e+05
 2.054560e+05]
IOU: 
[0.7502685  0.         0.         0.         0.         0.
 0.13154941 0.         0.45569572 0.         0.         0.
 0.00111127 0.         0.01498434 0.2433458  0.         0.
 0.         0.03139515 0.02143525]
meanIOU: 0.078561
pixel acc: 0.756166
12.5646009445s used to calculate IOU.

